Outage probability system: [1.000e+00 1.000e+00 1.000e+00 1.000e+00 1.000e+00 1.000e+00 1.000e+00
 1.000e+00 1.000e+00 1.000e+00 1.000e+00 1.000e+00 9.997e-01 9.642e-01
 5.839e-01 1.390e-01 1.420e-02 6.000e-04 1.000e-04 0.000e+00 0.000e+00] 

Outage probability weak user: [1.000e+00 1.000e+00 1.000e+00 1.000e+00 1.000e+00 1.000e+00 1.000e+00
 1.000e+00 1.000e+00 9.778e-01 7.051e-01 2.912e-01 8.470e-02 2.230e-02
 5.900e-03 1.700e-03 4.000e-04 0.000e+00 0.000e+00 0.000e+00 0.000e+00] 

Outage probability strong user: [1.000e+00 1.000e+00 1.000e+00 1.000e+00 1.000e+00 1.000e+00 1.000e+00
 1.000e+00 1.000e+00 1.000e+00 1.000e+00 1.000e+00 9.997e-01 9.637e-01
 5.826e-01 1.377e-01 1.390e-02 6.000e-04 1.000e-04 0.000e+00 0.000e+00]
