 Average Achievable Rate of the System: [0.00948755 0.01494889 0.02347704 0.03668769 0.05691003 0.08734208
 0.13207531 0.19583861 0.283338   0.39822687 0.54200306 0.71331791
 0.90810208 1.12054234 1.34450289 1.57477649 1.80772167 2.0412431
 2.2743865  2.5068666  2.73871031 2.97004923 3.20102344 3.43174762
 3.66230571 3.89275558] 

Average achievable rate of the Primary User: [0.01360886 0.02140943 0.03354223 0.05222138 0.08054518 0.12256064
 0.18301056 0.26652006 0.37611256 0.51135784 0.66699176 0.8330321
 0.99682622 1.14632845 1.27308398 1.37360049 1.44883633 1.50254363
 1.53949181 1.56422121 1.58045096 1.59095923 1.59770141 1.60200142
 1.60473323 1.60646442] 

Average achievable rate of the Secondary User: [5.36623881e-03 8.48834836e-03 1.34118522e-02 2.11540077e-02
 3.32748751e-02 5.21235310e-02 8.11400477e-02 1.25157167e-01
 1.90563444e-01 2.85095904e-01 4.17014358e-01 5.93603714e-01
 8.19377935e-01 1.09475623e+00 1.41592180e+00 1.77595249e+00
 2.16660701e+00 2.57994257e+00 3.00928118e+00 3.44951200e+00
 3.89696966e+00 4.34913924e+00 4.80434546e+00 5.26149382e+00
 5.71987820e+00 6.17904675e+00]
