Outage probability system: [1.000e+00 1.000e+00 1.000e+00 1.000e+00 1.000e+00 1.000e+00 1.000e+00
 9.999e-01 9.974e-01 9.445e-01 7.372e-01 3.918e-01 8.850e-02 6.000e-03
 2.000e-04 0.000e+00 0.000e+00 0.000e+00 0.000e+00 0.000e+00 0.000e+00
 0.000e+00 0.000e+00 0.000e+00 0.000e+00 0.000e+00] 

Outage probability primary user: [1.000e+00 1.000e+00 1.000e+00 1.000e+00 1.000e+00 1.000e+00 9.992e-01
 9.727e-01 8.139e-01 5.058e-01 1.787e-01 3.470e-02 4.200e-03 4.000e-04
 1.000e-04 0.000e+00 0.000e+00 0.000e+00 0.000e+00 0.000e+00 0.000e+00
 0.000e+00 0.000e+00 0.000e+00 0.000e+00 0.000e+00] 

Outage probability secondary user: [1.000e+00 1.000e+00 1.000e+00 1.000e+00 1.000e+00 1.000e+00 1.000e+00
 9.998e-01 9.970e-01 9.408e-01 7.307e-01 3.850e-01 8.590e-02 5.700e-03
 1.000e-04 0.000e+00 0.000e+00 0.000e+00 0.000e+00 0.000e+00 0.000e+00
 0.000e+00 0.000e+00 0.000e+00 0.000e+00 0.000e+00]
