 Average Achievable Rate of the System: [0.004084   0.00644951 0.01016442 0.01596894 0.02496909 0.03876718
 0.0595833  0.09031024 0.1344292  0.19581609 0.28259052 0.42943627
 0.64102495 0.85320296 1.06082088 1.2711816  1.48716999 1.70756048
 1.93168949 2.15819921 2.38604286] 

Average achievable rate of the Primary User: [0.00662344 0.01045236 0.01645446 0.02580568 0.04023999 0.06221531
 0.09501535 0.14265786 0.20945717 0.29931955 0.42315399 0.6434324
 0.96143005 1.24069582 1.4644241  1.64408731 1.78659574 1.89449149
 1.97383357 2.02996136 2.06818462] 

Average achievable rate of the Secondary User: [1.54457034e-03 2.44665917e-03 3.87438520e-03 6.13220455e-03
 9.69819516e-03 1.53190538e-02 2.41512602e-02 3.79626300e-02
 5.94012308e-02 9.23126425e-02 1.42027041e-01 2.15440145e-01
 3.20619850e-01 4.65710100e-01 6.57217653e-01 8.98275895e-01
 1.18774425e+00 1.52062947e+00 1.88954542e+00 2.28643706e+00
 2.70390110e+00]
