Outage probability system: [1.000e+00 1.000e+00 1.000e+00 1.000e+00 1.000e+00 1.000e+00 1.000e+00
 1.000e+00 1.000e+00 1.000e+00 1.000e+00 1.000e+00 9.722e-01 6.929e-01
 3.065e-01 9.880e-02 2.880e-02 8.000e-03 2.800e-03 1.200e-03 5.000e-04] 

Outage probability primary user: [1.000e+00 1.000e+00 1.000e+00 1.000e+00 1.000e+00 1.000e+00 1.000e+00
 1.000e+00 1.000e+00 9.997e-01 9.782e-01 7.849e-01 4.070e-01 1.735e-01
 6.870e-02 2.150e-02 3.000e-03 5.000e-04 0.000e+00 0.000e+00 0.000e+00] 

Outage probability secondary user: [1.000e+00 1.000e+00 1.000e+00 1.000e+00 1.000e+00 1.000e+00 1.000e+00
 1.000e+00 1.000e+00 1.000e+00 1.000e+00 9.989e-01 9.236e-01 5.822e-01
 2.414e-01 7.740e-02 2.580e-02 7.500e-03 2.800e-03 1.200e-03 5.000e-04]
