 Average Achievable Rate of the System: [0.01210115 0.01903036 0.029798   0.0463532  0.07140997 0.10849345
 0.16172462 0.23518918 0.33189788 0.452659   0.59539963 0.75528907
 0.92553224 1.09838403 1.26604634 1.42142112] 

Average achievable rate of the Primary User: [0.01770349 0.02778934 0.04338789 0.06719357 0.10281403 0.1546185
 0.22705588 0.32324881 0.44309068 0.58175477 0.72982992 0.87554186
 1.00807785 1.12026042 1.20943222 1.27667665] 

Average achievable rate of the Secondary User: [0.0064988  0.01027138 0.0162081  0.02551284 0.04000591 0.06236841
 0.09639335 0.14712955 0.22070507 0.32356323 0.46096935 0.63503628
 0.84298663 1.07650764 1.32266047 1.5661656 ]
