Outage probability system: [1.     1.     1.     1.     1.     1.     1.     1.     1.     1.
 1.     1.     0.971  0.741  0.3923 0.1637 0.0616 0.0223 0.0096 0.0044
 0.0026] 

Outage probability primary user: [1.000e+00 1.000e+00 1.000e+00 1.000e+00 1.000e+00 1.000e+00 1.000e+00
 1.000e+00 1.000e+00 9.995e-01 9.577e-01 7.430e-01 4.185e-01 1.955e-01
 9.180e-02 3.730e-02 9.200e-03 1.100e-03 2.000e-04 0.000e+00 0.000e+00] 

Outage probability secondary user: [1.     1.     1.     1.     1.     1.     1.     1.     1.     1.
 1.     0.9968 0.9151 0.6202 0.3058 0.1268 0.0524 0.0212 0.0094 0.0044
 0.0026]
