 Average Achievable Rate of the System: [0.00947208 0.0149247  0.02343951 0.03663013 0.0568232  0.08721414
 0.13189249 0.19558691 0.28300504 0.39780287 0.54148047 0.7126912
 0.9073693  1.11970785 1.34357875 1.57378079 1.80667448 2.04016247
 2.27328609 2.50575546 2.7375938  2.96893025 3.19990344 3.43062727
 3.6611853  3.8916352 ] 

Average achievable rate of the Primary User: [0.0135893  0.02137902 0.0334955  0.05215074 0.08044105 0.12241263
 0.18281055 0.26626699 0.37581699 0.51104196 0.66668283 0.83275213
 0.99658487 1.14612392 1.27290976 1.37345165 1.44871131 1.50244235
 1.53941334 1.564163   1.5804094  1.59093046 1.59768199 1.60198857
 1.60472484 1.60645901] 

Average achievable rate of the Secondary User: [5.35485531e-03 8.47037323e-03 1.33835279e-02 2.11095193e-02
 3.32053399e-02 5.20156411e-02 8.09744346e-02 1.24906829e-01
 1.90193099e-01 2.84563787e-01 4.16278112e-01 5.92630275e-01
 8.18153723e-01 1.09329177e+00 1.41424775e+00 1.77410993e+00
 2.16463765e+00 2.57788258e+00 3.00715884e+00 3.44734792e+00
 3.89477819e+00 4.34693004e+00 4.80212488e+00 5.25926598e+00
 5.71764576e+00 6.17681138e+00]
