Outage probability system: [1.0000e+00 1.0000e+00 1.0000e+00 1.0000e+00 1.0000e+00 1.0000e+00
 1.0000e+00 9.9999e-01 9.9730e-01 9.4539e-01 7.3924e-01 3.9277e-01
 9.1580e-02 6.4600e-03 2.6000e-04 3.0000e-05 1.0000e-05 1.0000e-05
 0.0000e+00 0.0000e+00 0.0000e+00 0.0000e+00 0.0000e+00 0.0000e+00
 0.0000e+00 0.0000e+00] 

Outage probability primary user: [1.0000e+00 1.0000e+00 1.0000e+00 1.0000e+00 1.0000e+00 9.9999e-01
 9.9900e-01 9.7233e-01 8.1877e-01 5.0505e-01 1.8049e-01 3.4380e-02
 4.9100e-03 6.3000e-04 7.0000e-05 3.0000e-05 1.0000e-05 1.0000e-05
 0.0000e+00 0.0000e+00 0.0000e+00 0.0000e+00 0.0000e+00 0.0000e+00
 0.0000e+00 0.0000e+00] 

Outage probability secondary user: [1.0000e+00 1.0000e+00 1.0000e+00 1.0000e+00 1.0000e+00 1.0000e+00
 1.0000e+00 9.9999e-01 9.9648e-01 9.4121e-01 7.3259e-01 3.8667e-01
 8.8760e-02 5.9500e-03 2.1000e-04 0.0000e+00 0.0000e+00 0.0000e+00
 0.0000e+00 0.0000e+00 0.0000e+00 0.0000e+00 0.0000e+00 0.0000e+00
 0.0000e+00 0.0000e+00]
